files_for_luis/mhm/mhm_0p0625.asc
ncols         102
nrows         91
xllcorner     5.49975
yllcorner     46.31275
cellsize      0.0625
NODATA_value  -9999
[rows 0 to 30 of 91, columns 0 to 69 of 102]
-9999 -9999 -9999 -9999 -9999 -9999 -9999 -9999 -9999 -9999 -9999 -9999 -9999 -9999 -9999 -9999 -9999 -9999 -9999 -9999 -9999 -9999 -9999 -9999 -9999 565.826 -9999 -9999 599.618 596.916 609.353 -9999 537.83 -9999 -9999 -9999 -9999 -9999 -9999 -9999 -9999 -9999 -9999 -9999 -9999 -9999 -9999 -9999 -9999 -9999 -9999 609.655 -9999 -9999 -9999 -9999 -9999 -9999 -9999 -9999 -9999 -9999 -9999 -9999 -9999 -9999 -9999 -9999 -9999 -9999
-9999 -9999 -9999 -9999 -9999 -9999 -9999 -9999 -9999 -9999 -9999 605.838 -9999 -9999 -9999 -9999 -9999 -9999 -9999 -9999 -9999 -9999 -9999 -9999 605.089 590.984 544.521 587.375 593.456 572.903 570.074 575.242 556.228 -9999 -9999 -9999 -9999 -9999 -9999 -9999 -9999 -9999 -9999 -9999 -9999 -9999 -9999 -9999 -9999 -9999 -9999 572.8 575.42 600.848 -9999 -9999 -9999 -9999 -9999 -9999 -9999 -9999 -9999 -9999 -9999 -9999 -9999 -9999 -9999 -9999
-9999 -9999 -9999 -9999 -9999 -9999 -9999 -9999 -9999 571.171 547.733 498.664 470.113 537.865 575.665 523.045 -9999 -9999 -9999 -9999 -9999 -9999 -9999 621.416 564.36 583.258 600.787 582.401 494.324 566.005 573.899 547.593 568.569 582.27 -9999 -9999 -9999 -9999 -9999 -9999 -9999 -9999 -9999 -9999 -9999 -9999 -9999 -9999 -9999 -9999 -9999 598.49 610.234 551.336 503.561 -9999 -9999 -9999 -9999 -9999 -9999 -9999 -9999 -9999 -9999 -9999 -9999 -9999 -9999 -9999
-9999 -9999 -9999 -9999 -9999 -9999 -9999 -9999 -9999 455.154 439.629 508.271 517.737 530.918 514.632 525.96 553.113 -9999 -9999 -9999 -9999 561.586 592.224 591.712 556.575 598.399 591.491 576.718 580.398 586.682 563.952 544.34 571.325 539.844 -9999 -9999 -9999 -9999 -9999 -9999 -9999 513.176 516.21 510.012 500.52 548.112 551.618 556.194 518.451 556.033 539.506 542.842 555.673 470.15 522.031 502.996 -9999 -9999 -9999 -9999 -9999 -9999 -9999 -9999 -9999 -9999 -9999 -9999 -9999 -9999
-9999 -9999 -9999 -9999 -9999 -9999 -9999 -9999 -9999 527.376 534.262 534.299 489.25 515.25 493.603 514.787 521.162 529.558 -9999 -9999 615.255 580.805 609.059 616.131 568.427 568.463 576.338 566.607 582.271 585.959 568.897 534.419 510.907 526.927 538.98 512.449 475.591 457.492 500.893 514.229 517.973 522.737 501.67 498.012 498.694 478.14 529.855 529.395 528.803 505.494 484.907 387.227 401.258 478.218 506.129 525.809 -9999 -9999 -9999 -9999 -9999 -9999 -9999 -9999 -9999 -9999 -9999 -9999 -9999 -9999
-9999 -9999 -9999 -9999 -9999 -9999 -9999 -9999 -9999 -9999 -9999 -9999 545.301 555.467 523.834 492.03 527.345 474.363 498.753 533.482 565.636 565.795 563.982 466.223 549.563 441.224 484.751 546.26 541.684 503.899 552.763 517.904 533.539 498.765 466.456 468.674 391.435 410.506 505.923 505.687 515.302 524.85 512.582 502.511 506.938 395.886 487.721 464.791 458.643 455.645 501.103 465.909 512.797 502.462 504.793 521.954 -9999 -9999 -9999 -9999 -9999 -9999 -9999 -9999 -9999 -9999 -9999 -9999 -9999 -9999
-9999 -9999 -9999 -9999 -9999 -9999 -9999 -9999 -9999 -9999 -9999 -9999 -9999 -9999 514.201 510.575 491.325 506.333 506.462 493.077 525.998 583.586 533.673 488.721 411.728 482.227 423.543 409.943 504.293 523.381 495.178 497.734 412.991 459.114 448.188 505.155 521.536 519.247 519.28 518.451 518.958 457.166 465.942 485.413 487.425 427.602 482.033 486.44 469.301 478.546 491.249 495.296 479.963 509.829 488.981 503.756 522.842 -9999 -9999 -9999 -9999 -9999 -9999 -9999 -9999 -9999 -9999 -9999 -9999 -9999
-9999 -9999 -9999 -9999 -9999 -9999 -9999 -9999 -9999 -9999 -9999 -9999 -9999 -9999 -9999 554.583 502.587 496.302 519.711 425.986 425.012 422.675 412.619 379.007 353.855 330.629 337.707 320.028 445.278 452.505 379.058 324.822 340.163 448.731 453.91 485.515 515.902 525.47 479.553 500.564 512.521 482.106 493.171 490.471 502.955 500.45 496.234 491.602 488.19 505.798 513.45 486.767 502.112 489.042 512.31 -9999 -9999 -9999 -9999 -9999 -9999 -9999 -9999 -9999 -9999 -9999 -9999 -9999 -9999 -9999
-9999 -9999 -9999 -9999 -9999 -9999 -9999 -9999 -9999 -9999 -9999 -9999 -9999 -9999 -9999 503.409 473.846 447.489 414.387 357.426 346.36 350.459 325.397 271.529 288.894 369.811 366.119 289.137 409.787 393.757 439.268 383.813 395.967 482.913 532.108 525.314 466.257 542.691 548.582 480.322 569.089 558.159 544.161 520.549 523.9 467.668 506.848 517.938 542.199 533.597 524.022 505.401 513.991 462.942 -9999 -9999 -9999 -9999 -9999 -9999 -9999 -9999 -9999 -9999 -9999 -9999 -9999 -9999 -9999 -9999
-9999 -9999 -9999 -9999 -9999 -9999 -9999 -9999 -9999 -9999 -9999 -9999 -9999 -9999 -9999 529.63 521.351 514.43 441.753 397.602 342.559 442.443 414.028 426.05 405.709 419.632 431.987 477.411 492.641 471.513 471.326 438.604 498.408 502.855 487.434 452.483 452.448 495.261 558.141 502.765 506.395 543.733 555.965 559.626 522.984 518.415 537.917 523.285 472.475 451.708 466.622 458.241 -9999 -9999 -9999 -9999 -9999 -9999 -9999 -9999 -9999 -9999 -9999 -9999 -9999 -9999 -9999 -9999 -9999 -9999
-9999 -9999 -9999 -9999 -9999 -9999 -9999 -9999 -9999 -9999 -9999 -9999 -9999 -9999 -9999 -9999 440.193 336.821 427.356 465.081 459.075 487.255 461.079 466.724 401.444 469.661 489.437 487.069 481.406 464.985 466.735 408.422 486.268 460.88 452.957 499.975 528.796 520.095 549.451 529.77 554.401 541.857 509.062 510.371 476.329 507.174 463.818 476.216 518.224 510.839 -9999 -9999 -9999 -9999 -9999 -9999 -9999 -9999 -9999 -9999 -9999 -9999 -9999 -9999 -9999 -9999 -9999 -9999 -9999 -9999
-9999 -9999 -9999 -9999 -9999 -9999 -9999 -9999 -9999 -9999 -9999 -9999 -9999 -9999 -9999 -9999 453.618 479.044 488.44 433.834 351.722 385.656 474.518 496.83 472.477 445.502 392.951 380.887 458.746 485.63 523.097 516.798 515.754 527.169 508.519 536.542 519.402 527.771 544.891 522.263 533.904 551.701 522.361 536.742 504.924 503.982 517.676 515.283 507.958 543.189 -9999 -9999 -9999 -9999 -9999 -9999 -9999 -9999 -9999 -9999 -9999 -9999 -9999 -9999 -9999 -9999 -9999 -9999 -9999 -9999
-9999 -9999 -9999 -9999 -9999 -9999 -9999 -9999 -9999 -9999 -9999 -9999 -9999 -9999 -9999 -9999 -9999 485.45 442.34 383.471 323.936 359.686 487.716 482.143 458.939 419.089 436.292 436.702 487.481 493.184 520.909 517.049 497.924 472.62 446.929 537.696 526.606 503.229 550.453 575.135 566.826 562.58 528.129 540.518 512.327 514.925 500.528 479.319 506.737 511.724 -9999 -9999 -9999 -9999 -9999 -9999 -9999 -9999 -9999 -9999 -9999 -9999 -9999 -9999 -9999 -9999 -9999 -9999 -9999 -9999
-9999 -9999 -9999 -9999 -9999 -9999 -9999 -9999 -9999 -9999 -9999 -9999 -9999 -9999 -9999 -9999 -9999 432.407 474.804 436.823 448.102 416.013 415.288 431.01 425.948 435.874 474.227 414.66 497.687 497.706 548.574 528.808 523.884 507.194 536.33 530.285 552.625 552.461 548.228 517.835 549.978 561.589 570.741 547.806 497.755 494.166 496.757 502.274 -9999 -9999 -9999 -9999 -9999 -9999 -9999 -9999 -9999 -9999 -9999 -9999 -9999 -9999 -9999 -9999 -9999 -9999 -9999 -9999 -9999 -9999
-9999 -9999 -9999 -9999 -9999 -9999 -9999 -9999 -9999 -9999 -9999 -9999 -9999 -9999 -9999 -9999 475.741 443.107 479.043 512.008 479.769 430.777 445.465 441.067 472.368 527.57 519.088 524.711 522.31 532.89 494.237 527.046 505.989 536.041 510.035 545.618 554.304 555.591 545.581 566.597 565.843 545.101 563.755 560.563 543.928 531.191 540.061 -9999 -9999 -9999 -9999 -9999 -9999 -9999 -9999 523.975 -9999 -9999 -9999 -9999 -9999 -9999 -9999 -9999 -9999 -9999 -9999 -9999 -9999 -9999
-9999 -9999 -9999 -9999 -9999 -9999 -9999 -9999 -9999 -9999 -9999 -9999 -9999 -9999 -9999 499.596 452.347 473.576 460.491 483.881 459.959 464.118 410.082 349.823 405.19 493.524 556.351 543.008 507.386 525.071 499.727 526.808 502.221 505.228 499.445 543.443 534.224 500.469 570.209 576.658 582.035 589.756 575.102 -9999 -9999 -9999 -9999 -9999 -9999 -9999 539.407 549.338 572.338 545.95 519.286 513.454 516.248 -9999 -9999 -9999 -9999 -9999 -9999 -9999 -9999 -9999 -9999 -9999 -9999 -9999
-9999 -9999 -9999 -9999 -9999 -9999 -9999 -9999 -9999 -9999 -9999 -9999 -9999 499.885 458.59 498.805 481.075 440.401 363.988 460.677 437.909 378.892 287.353 302.889 346.275 400.32 454.399 537.38 516.95 517.539 530.786 488.888 452.606 500.675 532.68 550.129 545.097 523.929 566.562 514.358 540.926 552.28 571.922 -9999 556.406 545.844 568.491 571.174 567.698 556.533 539.283 539.524 545.483 530.679 523.3 492.745 498.324 -9999 -9999 -9999 -9999 -9999 -9999 -9999 -9999 -9999 -9999 -9999 -9999 -9999
-9999 -9999 -9999 -9999 -9999 -9999 -9999 -9999 -9999 -9999 -9999 -9999 -9999 -9999 522.343 316.06 353.98 441.383 406.066 460.698 428.333 372.294 302.887 301.499 366.864 466.25 527.981 546.375 521.712 541.971 512.388 525.069 508.526 505.985 499.415 536.744 546.543 561.771 551.954 544.59 467.902 584.134 587.464 592.847 569.698 546.756 536.477 520.659 508.14 557.708 524.684 517.363 542.73 524.597 508.881 497.395 506.729 -9999 -9999 -9999 -9999 -9999 -9999 -9999 -9999 -9999 -9999 -9999 -9999 -9999
-9999 -9999 -9999 -9999 -9999 -9999 -9999 -9999 -9999 -9999 -9999 -9999 -9999 -9999 -9999 397.138 479.431 438.604 403.842 414.84 430.906 431.716 411.529 407.324 449.401 454.08 491.198 559.351 533.024 522.037 527.111 513.586 539.947 531.753 539.986 534.71 580.376 547.702 556.982 474.212 494.6 518.864 556.022 578.942 586.633 561.453 540.508 514.319 492.538 537.464 542.834 494.544 500.526 513.841 527.564 540.631 494.507 589.941 -9999 -9999 -9999 -9999 -9999 -9999 -9999 -9999 -9999 -9999 -9999 -9999
-9999 -9999 -9999 -9999 -9999 -9999 -9999 -9999 -9999 -9999 -9999 -9999 -9999 -9999 -9999 -9999 469.938 454.523 437.661 454.512 439.014 466.175 482.771 457.462 466.268 481.661 459.622 456.633 488.279 563.929 560.343 540.751 516.906 498.329 510.995 486.181 537.478 511.536 544.362 542.32 543.521 557.755 564.201 582.296 561.703 569.504 547.254 510.609 526.781 518.012 521.014 492.137 453.746 506.703 510.63 524.637 553.961 550.841 528.209 -9999 -9999 -9999 -9999 -9999 -9999 -9999 -9999 -9999 -9999 -9999
-9999 -9999 -9999 -9999 -9999 -9999 -9999 -9999 -9999 -9999 -9999 -9999 -9999 -9999 -9999 -9999 494.196 468.136 452.385 475.872 467.321 448.316 496.562 528.185 424.28 374.512 396.869 509.331 517.144 527.399 518.086 535.366 541.12 530.195 516.631 522.796 529.021 510.566 502.908 499.214 544.271 510.755 523.208 522.739 516.406 551.365 553.761 547.908 539.436 525.606 510.735 479.513 496.654 492.929 547.627 512.741 530.306 544.724 539.805 -9999 -9999 -9999 -9999 -9999 -9999 -9999 -9999 -9999 -9999 -9999
-9999 -9999 -9999 -9999 -9999 -9999 -9999 -9999 -9999 -9999 -9999 -9999 -9999 -9999 -9999 -9999 434.606 458.563 457.121 454.68 406.16 456.566 476.149 455.759 496.185 538.876 458.281 509.725 537.405 486.908 518.741 536.453 529.756 541.546 513.558 514.71 507.867 492.565 505.009 485.333 515.319 536.362 532.91 555.103 536.095 569.591 561.702 533.783 514.087 491.434 487.176 444.839 508.31 508.014 533.179 535.001 524.748 547.872 493.976 498.786 -9999 -9999 -9999 -9999 -9999 -9999 -9999 -9999 -9999 -9999
-9999 -9999 -9999 -9999 -9999 -9999 -9999 -9999 -9999 -9999 -9999 -9999 -9999 -9999 -9999 -9999 477.514 441.537 434.226 440.06 468.778 471.669 484.978 470.871 441.1 493.421 513.656 481.405 512.557 502.33 520.927 508.496 476.448 505.407 531.489 532.543 549.133 540.492 503.67 528.597 544.331 538.68 561.166 563.266 574.573 568.963 549.313 507.976 487.627 470.099 363.103 422.056 468.064 482.726 520.171 518.528 520.28 516.077 486.233 484.531 -9999 -9999 -9999 -9999 -9999 -9999 -9999 -9999 -9999 -9999
-9999 -9999 -9999 -9999 -9999 -9999 -9999 -9999 -9999 -9999 -9999 -9999 -9999 -9999 -9999 -9999 460.819 446.41 453.23 459.858 463.016 491.977 486.11 489.681 467.767 460.537 457.92 469.782 461.532 524.235 516.132 534.882 512.059 513.747 487.889 532.436 536.088 531.955 538.766 518.244 532.755 559.578 561.819 574.163 553.803 542.829 484.017 473.243 439.223 440.864 435.247 462.332 467.87 509.64 517.873 515.903 557.356 547.621 500.241 514.466 538.926 -9999 -9999 -9999 -9999 -9999 -9999 -9999 -9999 -9999
-9999 -9999 -9999 -9999 -9999 -9999 -9999 -9999 -9999 -9999 -9999 -9999 -9999 -9999 -9999 -9999 460.547 466.053 477.044 468.701 485.274 488.06 490.889 484.593 489.555 481.919 484.814 487.565 468.861 492.857 484.458 454.725 478.65 510.109 485.357 490.368 464.04 479.196 517.343 535.415 539.613 550.768 568.902 562.191 526.135 564.775 549.344 516.806 519.177 507.439 491.402 494.283 487.209 498.646 506.567 547.033 532.757 520.446 503.726 516.45 502.084 515.614 513.346 514.457 -9999 -9999 -9999 -9999 -9999 -9999
-9999 -9999 -9999 -9999 -9999 -9999 -9999 -9999 -9999 -9999 -9999 -9999 566.699 547.66 533.982 521.137 489.656 493.137 485.165 476.671 489.927 483.568 468.068 492.614 491.165 481.685 476.095 470.233 482.76 433.167 409.508 406.168 400.964 392.497 488.507 506.208 528.591 498.225 532.115 531.291 470.287 499.41 532.38 545.971 555.949 543.518 560.023 550.187 542.801 544.296 485.379 479.944 522.86 485.714 521.635 516.872 500.839 544.031 522.973 495.164 527.3 521.006 503.313 506.105 505.488 474.16 489.718 -9999 518.855 540.712
-9999 -9999 -9999 -9999 -9999 -9999 -9999 -9999 -9999 -9999 -9999 566.204 533.693 496.789 472.468 485.436 491.549 478.353 477.719 483.367 462.636 459.266 461.649 460.279 487.23 499.972 498.556 454.92 419.571 460.461 451.118 458.269 441.27 337.756 452.513 480.235 504.931 523.882 520.305 505.243 470.102 494.663 509.446 534.55 549.108 559.189 541.252 539.325 521.583 514.845 516.03 459.51 444.573 484.223 501.466 508.187 510.036 539.938 516.294 495.965 506.182 514.92 513.916 506.778 480.551 498.703 502.999 523.632 505.865 518.941
-9999 -9999 -9999 -9999 -9999 -9999 -9999 540.068 521.704 505.248 507.06 533.433 494.41 480.408 508.897 497.288 504.959 483.815 471.877 473.233 465.117 469.43 472.31 496.468 481.72 489.979 487.279 481.992 465.855 456.996 466.138 470.081 475.971 425.527 457.078 486.129 491.418 477.326 485.647 472.399 508.529 517.941 516.44 522.937 473.185 553.879 533.952 512.68 500.331 554.233 522.136 484.067 472.688 475.961 496.891 480.187 492.61 509.488 530.963 513.08 488.81 512.051 509.931 501.476 522.968 525.143 508.887 516.065 495.847 492.334
-9999 -9999 -9999 -9999 -9999 -9999 -9999 563.315 498.045 508.216 516.859 503.275 490.659 523.065 491.468 499.6 477.861 503.589 479.577 496.895 495.422 487.969 505.894 485.077 508.848 497.204 471.976 486.339 492.591 487.974 489.07 484.814 485.024 461.331 487.418 486.901 468.73 450.17 480.429 486.323 490.833 504.947 519.183 509.148 475.984 539.285 550.19 553.106 564.06 429.249 466.139 468.839 439.41 443.116 447.189 469.877 502.641 508.353 479.517 521.673 512.16 493.328 537.39 518.182 534.542 515.05 530.92 522.937 526.423 493.997
-9999 -9999 -9999 -9999 -9999 -9999 530.409 526.172 536.964 525.894 532.983 510.852 512.143 480.576 492.703 494.59 510.369 511.466 511.493 523.061 517.782 518.537 501.767 507.458 472.259 485.141 496.408 493.8 491.581 498.544 492.607 474.354 463.105 480.488 481.478 468.834 479.011 479.929 479.498 498.768 496.231 488.473 483.767 530.374 529.424 510.398 529.769 494.433 445.348 419.349 352.784 339.898 438.948 432.042 403.634 440.612 427.131 453.804 446.696 503.085 529.702 528.38 515.341 511.985 534.408 519.911 515.292 524.531 494.002 469.382
-9999 -9999 -9999 -9999 -9999 537.038 500.325 485.917 508.288 520.722 528.957 525.442 504.362 500.131 508.981 506.315 497.741 515.63 540.382 535.321 522.445 520.348 525.129 510.752 515.231 508.024 496.924 488.626 482.736 478.729 464.735 449.353 474.173 487.072 482.46 461.87 466.002 479.666 480.768 486.141 487.549 501.554 513.789 422.662 446.02 500.414 525.019 460.897 385.937 340.159 314.467 349.786 358.023 383.315 428.7 387.769 461.025 453.887 479.835 481.989 510.459 520.982 541.442 533.046 525.264 529.814 503.842 492.642 470.102 466.049
