files_for_luis/mhm/mhm_0p0625.asc
ncols         102
nrows         91
xllcorner     5.49975
yllcorner     46.31275
cellsize      0.0625
NODATA_value  -9999
[rows 31 to 61 of 91, columns 0 to 69 of 102]
-9999 -9999 -9999 463.785 495.077 508.401 500.539 515.013 514.868 520.786 536.91 525.19 525.961 541.216 536.259 503.184 499.872 516.021 517.93 542.115 531.399 524.59 536.515 529.131 518.172 516.955 464.106 509.744 470.758 473.675 467.904 465.246 480.724 465.255 475.419 469.398 451.148 448.236 453.466 448.697 455.554 470.222 440.512 360.492 396.41 464.9 459.846 435.911 373.389 364.328 402.741 381.835 395.371 451.603 422.304 430.446 438.059 467.088 473.923 484.935 505.143 527.912 524.303 513.672 504.516 487.899 482.466 465.738 476.451 470.19
-9999 541.868 506.295 513.431 504.069 522.305 511.039 513.604 522.932 518.637 535.992 561.51 556.674 552.418 540.062 537.632 442.953 506.985 496.83 478.527 538.161 518.031 444.333 489.977 491.245 487.707 492.284 478.071 432.307 484.467 468.173 472.286 424.05 454.154 470.227 462.213 449.102 430.563 385.585 394.513 400.292 439.371 436.859 375.883 338.39 396.187 398.645 427.522 434.431 433.599 381.585 456.62 462.795 429.08 473.459 444.475 487.95 366.62 383.145 446.732 498.294 527.878 517.067 531.845 517.629 464.581 477.015 494.758 424.16 449.664
529.156 513.316 514.67 525.484 517.207 527.811 514.694 510.966 521.424 539.37 558.578 558.308 552.537 544.199 535.903 532.906 524.494 535.25 510.675 541.618 537.689 498.907 513.407 473.836 470.87 484.64 487.164 476.756 458.485 488.767 477.414 475.051 473.678 487.312 469.767 449.372 418.692 415.295 375.774 426.641 427.938 435.618 443.095 441.082 418.151 447.502 436.172 406.253 432.003 427.627 389.793 504.155 504.39 411.876 426.339 427.22 415.116 438.8 446.069 496.377 514.139 534.992 524.036 523.497 537.245 500.833 499.684 498.761 482.872 440.781
521.16 520.507 530.784 500.228 514.205 518.426 545.377 558.586 541.096 535.681 567.894 534.381 523.06 543.84 552.816 537.744 533.283 529.509 553.943 537.699 492.597 495.82 484.769 509.781 511.743 499.197 486.969 510.317 504.663 481.292 486.674 493.34 494.597 463.043 465.618 450.699 416.647 359.182 372.964 395.28 411.523 397.296 401.737 407.774 409.87 411.12 453.229 425.414 430.669 451.671 395.71 484.549 474.466 448.356 419.822 474.433 463.203 475.298 416.835 500.737 511.336 516.609 522.094 522.764 488.739 468.485 496.372 485.545 469.096 435.829
-9999 -9999 576.178 557.435 541.223 547.742 566.098 584.515 595.988 534.662 589.461 571.304 535.568 529.333 534.502 535.929 526.993 532.672 486.893 460.897 508.866 521.406 503.397 486.317 477.582 461.024 500.51 493.359 487.539 466.712 476.823 475.731 470.238 464.91 455.864 441.363 435.576 429.683 422.903 384.279 392.017 382.762 390.983 385.557 407.226 417.037 441.621 395.608 424.232 443.94 470.047 500.569 523.565 514.204 496.936 495.749 483.931 472.108 423.395 475.78 487.408 485.863 502.56 493.06 473.67 475.688 484.386 474.106 468.677 427.524
-9999 -9999 609.728 588.662 563.935 580.964 589.695 597.089 595.439 565.9 586.004 565.065 607.294 542.665 538.327 540.039 526.493 448.179 468.314 491.4 503.369 520.708 502.362 486.512 494.549 518.463 522.053 514.625 466.55 473.272 474.326 485.103 486.73 480.074 454.147 452.122 427.438 420.899 421.492 427.09 395.688 358.608 366.4 369.468 399.158 410.218 423.247 443.81 505.572 430.056 535.686 513.82 536.544 511.037 510.255 483.761 468.916 503.067 504.279 428.966 441.165 475.815 490.756 473.43 494.075 483.535 471.343 479.355 468.663 459.339
-9999 -9999 -9999 -9999 -9999 550.456 544.341 519.347 542.65 569.247 519.522 545.821 550.726 523.95 528.969 506.31 524.186 522.196 515.309 520.859 523.811 512.353 499.103 498.433 520.356 513.041 489.695 508.19 512.019 530.686 538.697 531.612 500.07 481.65 454.558 441.152 429.379 422.19 442.519 437.109 386.138 386.555 374.879 385.302 395.314 353.372 410.203 440.302 487.034 437.89 478.351 529.395 500.584 504.147 529.704 459.703 473.93 486.374 513.82 480.529 489.547 471.808 476.631 482.24 475.86 471.385 442.391 452.945 456.173 452.452
-9999 -9999 -9999 -9999 -9999 502.646 509.858 487.329 493.371 402.385 420.821 476.676 496.913 529.19 506.275 522.11 527.075 506.074 528.149 521.267 508.731 517.674 512.737 501.009 497.03 495.339 492.673 490.898 497.426 480.138 529.338 509.903 493.047 491.841 461.457 442.901 442.883 435.812 441.081 422.661 396.528 394.016 391.437 388.971 406.053 376.614 432.78 404.122 512.09 511.263 490.258 478.131 492.168 504.326 530.432 496.27 530.676 532.115 512.201 504.279 487.769 463.137 466.608 454.563 462.859 447.773 437.364 429.054 447.609 448.297
-9999 -9999 -9999 -9999 -9999 -9999 401.175 429.637 480.934 493.435 511.076 513.233 531.17 497.284 515.236 509.153 505.395 535.401 535.963 525.497 494.92 489.334 484.18 511.199 499.852 480.509 479.688 484.684 485.785 485.905 469.324 480.08 495.504 487.623 478.005 460.256 453.346 416.899 440.904 461.944 417.189 400.557 403.866 410.123 408.554 353.24 342.271 323.914 424.362 421.315 435.477 486.784 520.137 533.631 530.193 528.682 543.344 536.919 517.137 487.002 501.104 438.315 489.155 468.363 476.778 482.668 464.196 441.715 465.463 470.49
-9999 -9999 -9999 -9999 -9999 -9999 493.617 454.38 485.475 487.912 542.128 532.868 542.082 509.902 523.367 520.718 514.87 476.697 497.217 514.478 505.614 477.921 486.166 473.557 481.02 474.881 449.052 498.974 493.716 490.176 498.432 495.195 470.446 477.947 486.797 405.924 427.904 446.979 422.856 472.42 455.172 461.237 408.914 414.969 412.468 396.834 314.794 307.606 330.041 365.251 452.975 517.96 496.495 539.513 524.424 504.719 524.138 522.759 523.604 519.776 507.599 490.471 496.828 479.896 479.944 476.102 447.161 468.814 435.491 448.886
-9999 -9999 -9999 -9999 -9999 -9999 533.814 514.27 528.159 540.81 526.772 514.562 534.886 549.076 548.747 558.644 546.896 515.1 496.135 504.558 489.25 484.28 460.748 483.935 475.146 476.674 478.196 491.749 495.843 490.867 503.2 490.442 496.442 434.332 501.345 464.506 483.729 487.142 484.02 473.725 462.711 465.918 448.761 421.316 409.911 435.337 410.652 440.018 383.124 389.884 321.27 459.437 471.473 514.119 535.864 540.276 533.156 537.827 523.903 500.316 488.714 511.728 467.879 505.415 473.605 476.076 460.443 459.984 470.363 471.654
-9999 -9999 -9999 -9999 541.734 553.685 525.545 527.484 503.507 456.841 395.475 491.82 523.86 556.189 552.932 546.352 542.56 510.752 476.51 420.36 400.769 488.129 463.132 468.354 412.39 424.869 413.914 448.228 469.987 440.828 516.245 512.079 535.414 513.979 529.232 533.472 541.863 528.736 506.704 503.626 470.513 448.97 384.354 448.947 456.408 481.922 431.44 451.286 404.01 461.627 418.185 454.756 463.776 487.298 517.978 489.16 519.737 483.093 480.85 522.219 518.461 496.302 503.724 490.411 476.5 482.779 478.013 471.002 471.771 478.994
-9999 -9999 -9999 -9999 559.656 554.923 532.239 553.697 549.037 505.366 443.201 499.526 525.822 540.82 550.213 534.398 493.292 505.335 482.478 457.975 417.445 430.042 418.221 483.294 451.927 453.897 496.376 526.791 496.124 464.755 499.735 527.935 518.858 535.109 519.84 571.383 580.171 563.606 552.523 542.654 515.636 486.769 455.62 476.584 473.591 486.815 467.708 427.598 425.043 458.195 413.668 453.409 488.927 477.103 499.188 505.297 516.281 514.302 498.133 528.782 511.277 527.713 508.846 480.363 492.075 470.861 458.726 470.169 459.503 444.749
-9999 -9999 -9999 -9999 563.218 560.001 537.977 511.66 496.026 522.952 437.531 476.027 525.604 547.795 543.003 516.863 507.366 497.97 470.625 454.361 460.841 410.541 369.41 362.743 430.392 496.031 495.729 494.928 512.489 474.42 478.819 513.946 512.349 436.966 525.514 561.76 596.091 570.517 562.851 526.071 518.89 459.456 468.235 498.954 509.852 457.813 513.648 483.208 437.976 509.224 454.317 491.739 490.293 496.661 466.802 503.43 510.994 498.999 467.764 423.039 487.746 486.641 481.187 472.959 437.083 406.716 419.187 423.757 437.11 437.64
-9999 -9999 -9999 -9999 570.041 518.361 496.907 504.003 521.682 540.94 432.065 485.411 504.27 532.97 547.802 492.22 516.6 527.459 486.846 432.096 448.542 451.708 467.838 490.199 475.826 535.836 536.322 529.972 529.127 528.081 507.667 516.706 522.146 537.119 566.97 602.759 602.075 614.285 589.36 598.634 532.364 498.885 518.633 504.422 515.525 538.758 504.185 495.7 496.997 470.161 498.555 519.806 492.514 495.538 468.202 461.827 472.576 460.256 453.778 331.736 461.255 443.524 468.125 448.986 417.318 435.933 446.128 434.869 454.594 459.618
-9999 -9999 -9999 -9999 521.36 526.833 505.812 526.624 546.749 496.332 391.062 417.999 518.523 519.12 522.225 516.346 522.68 503.716 484.765 451.262 525.243 479.458 502.921 516.613 483.096 462.323 511.045 520.108 496.063 499.779 530.68 556.889 556.179 588.038 610.144 626.428 605.426 637.236 615.396 575.437 511.119 513.107 525.72 515.249 495.824 529.596 455.957 508.276 488.59 467.337 508.825 492.513 489.077 474.927 483.714 467.407 453.482 434.856 429.553 429.973 495.211 466.52 446.571 459.874 455.308 456.28 462.358 427.114 439.167 447.08
-9999 -9999 -9999 -9999 541.007 492.425 511.425 524.127 521.396 519.753 500.873 522.311 510.534 514.63 513.217 554.36 529.457 510.206 496.065 501.283 500.639 523.786 530.211 517.42 513.928 517.209 503.395 519.995 513.658 529.398 537.67 561.971 598.333 608.575 623.226 623.834 638.028 623.95 592.951 527.956 542.165 559.862 554.67 561.743 470.44 363.045 424.437 435.419 513.332 509.938 514.442 471.889 501.12 493.783 473.038 457.709 444.684 431.107 438.938 453.334 483.397 454.73 469.801 481.61 518.016 516.578 495.974 466.616 460.089 465.33
-9999 -9999 533.822 532.88 538.372 515.643 524.343 537.164 483.623 533.78 504.63 490.732 509.004 516.401 511.301 510.725 525.264 516.762 509.018 511.291 533.465 492.155 518.256 530.918 507.969 544.596 514.074 528.217 547.968 547.673 580.709 614.115 604.488 610.671 593.841 612.022 600.916 604.989 581.733 545.221 512.421 531.945 519.732 515.138 491.217 459.745 408.367 462.357 527.555 500.828 509.213 482.228 480.658 460.703 468.845 440.752 438.023 421.568 424.156 447.507 457.881 515.172 486.117 503.049 515.819 509.571 522.191 516.911 496.338 498.182
-9999 -9999 537.594 510.453 497.43 512.333 527.759 529.018 456.731 491.074 499.263 498.67 511.799 508.226 499.52 503.184 518.07 518.665 497.031 529.994 521.122 528.143 537.382 542.392 535.923 506.775 517.525 502.229 551.741 562.672 599.1 605.157 589.354 586.156 529.409 586.704 563.969 562.448 543.938 555.377 533.152 548.573 530.097 521.719 476.974 515.186 532.759 538.722 527.453 516.875 439.2 426.799 462.546 453.591 450.07 424.8 453.452 428.73 360.796 396.154 488.671 509.758 486.958 500.395 508.687 537.544 526.508 544.797 539.145 515.608
-9999 522.421 524.986 506.462 503.276 504.298 507.294 523.925 510.671 463.297 498.982 492.173 500.071 495.396 494.289 517.65 513.917 524.597 546.004 538.143 530.561 544.958 544.872 545.976 520.971 524.949 518.733 523.466 560.854 584.315 601.796 514.385 547.074 531.255 526.444 552.766 529.88 571.983 568.312 539.912 528.543 504.691 504.14 458.56 483.285 577.396 587.56 566.62 498.654 519.266 477.002 511.9 511.143 465.776 451.992 469.715 438.159 414.768 402.323 379.802 438.01 456.856 488.966 522.183 495.311 535.756 533.253 529.627 515.875 524.385
-9999 511.894 488.106 503.114 525.349 509.116 512.261 469.256 502.211 494.948 465.933 515.394 492.401 504.507 502.615 520.162 516.188 519.631 510.112 514.793 532.119 534.661 547.37 533.478 522.869 525.961 524.76 487.97 526.664 594.837 563.388 542.285 540.539 519.025 532.644 527.915 488.512 482.918 517.814 492.765 477.912 478.515 513.896 493.927 580.637 517.743 578.627 572.041 555.623 548.106 518.738 514.779 483.209 465.195 483.517 467.442 441.165 470.311 354.398 358.709 437.54 474.319 474.623 505.172 485.055 484.278 510.802 501.684 469.359 424.87
-9999 -9999 -9999 524.905 502.008 500.846 480.731 475.008 463.124 470.673 381.502 411.066 476.554 512.13 503.664 503.876 517.75 507.77 507.307 515.658 532.9 549.813 538.435 533.639 484.012 489.048 538.189 555.168 591.94 533.865 512.321 518.115 524.304 517.164 520.809 528.939 505.998 516.05 476.077 545.807 539.501 532.456 505.686 616.306 604.785 594.131 590.684 591.269 560.208 555.738 522.776 487.4 456.013 502.757 494.257 433.922 486.61 431.201 391.24 415.164 424.145 437.433 465.262 499.034 499.275 468.238 417.961 443.109 480.95 481.142
-9999 -9999 -9999 -9999 497.307 473.675 447.539 498.769 524.628 511.138 350.79 383.745 472.95 482.449 507.67 513.812 507.618 534.806 535.433 518.955 520.225 519.016 524.074 506.379 545.479 520.532 548.246 572.314 579.185 575.707 528.206 522.816 522.304 514.915 504.105 456.307 468.145 491.153 511.617 551.887 524.055 491.882 555.168 560.919 589.582 587.492 605.245 597.535 572.57 547.717 523.142 504.226 516.055 522.174 490.754 484.882 446.678 519.948 492.787 432.015 485.756 461.207 476.248 459.656 473.229 449.745 458.107 444.817 455.081 511.718
-9999 -9999 -9999 -9999 531.329 486.406 480.569 490.043 500.738 444.103 449.846 484.193 490.085 439.543 525.498 475.207 476.32 540.919 519.206 528.18 541.095 515.058 542.765 536.517 555.332 562.927 578.845 571.423 558.877 565.597 547.744 503.771 521.626 498.654 488.245 334.978 324.29 471.732 541.692 547.134 527.63 534.688 585.139 584.868 585.166 587.267 583.6 590.078 563.846 538.127 519.723 502.132 516.864 497.771 515.629 580.641 564.129 566.095 544.615 500.083 494.645 478.281 545.26 509.07 504.141 527.695 519.995 522.749 520.63 488.434
-9999 -9999 -9999 -9999 504.121 490.069 476.685 492.987 500.297 467.929 502.382 508.039 512.967 503.997 508.805 526.294 534.124 521.192 524.023 525.499 528.212 542.01 543.966 555.885 559.976 576.494 572.591 558.746 531.328 535.569 506.031 504.649 500.488 494.308 442.904 388.453 454.665 495.368 516.82 522.817 527.969 567.084 588.245 605.742 599.586 587.736 567.339 570.85 560.538 525.297 502.671 487.37 516.089 505.211 531.01 559.94 490.486 500.057 502.518 433.063 485.356 501.284 531.835 540.257 562.055 563.018 537.776 540.975 512.446 521.495
-9999 -9999 -9999 -9999 -9999 491.469 521.162 497.596 475.325 486.883 500.945 518.305 522.341 511.016 522.867 532.629 534.366 543.927 533.87 505.621 552.195 553.777 562.231 564.138 577.725 577.044 555.242 508.556 540.732 539.017 536.406 480.092 510.959 520.06 447.642 494.767 537.397 556.95 495.673 502.264 608.692 600.513 602.944 609.766 597.484 595.097 517.426 515.544 533.52 516.737 498.854 504.465 527.528 552.587 517.608 508.197 520.495 497.996 480.598 415.218 519.268 547.64 564.804 569.748 558.868 -9999 -9999 -9999 -9999 -9999
-9999 -9999 -9999 -9999 -9999 488.737 505.733 518.931 499.597 497.605 501.446 517.509 516.019 555.396 538.993 528.369 544.693 532.204 539.459 552.07 553.765 552.643 584.562 588.253 563.837 570.627 539.856 530.15 551.356 562.147 558.814 500.327 517.618 352.873 366.179 530.033 534.394 528.636 546.234 577.57 586.795 635.829 633.629 627.699 618.057 602.568 583.366 525.581 536.044 537.118 536.42 503.005 493.224 495.989 492.408 527.578 473.047 511.267 505.945 555.933 562.005 -9999 -9999 564.674 -9999 -9999 -9999 -9999 -9999 -9999
-9999 -9999 -9999 -9999 -9999 -9999 511.848 495.064 498.484 495.465 526.391 529.083 497.67 528.047 543.625 546.739 564.929 551.959 498.781 575.208 609.619 561.502 556.77 563.758 557.012 561.224 553.074 542.503 527.26 559.076 563.769 525.128 377.603 362.722 419.33 519.783 531.384 460.388 591.569 644.422 579.036 596.585 634.857 628.44 600.273 598.48 553.674 514.673 501.403 531.925 472.97 510.17 472.13 490.449 470.291 481.534 529.639 546.909 568.445 594.09 570.585 -9999 -9999 -9999 -9999 -9999 -9999 -9999 -9999 -9999
-9999 -9999 -9999 -9999 -9999 -9999 -9999 482.418 499.168 521.577 504.917 554.63 538.815 537.622 479.459 538.234 555.701 540.2 553.082 607.524 631.538 619.041 552.547 467.079 523.707 544.371 556.248 544.919 540.884 555.645 527.388 335.754 346.767 356.498 501.955 512.126 509.068 558.541 624.448 599.009 573.847 576.267 599.715 582.286 580.318 566.694 528.888 502.503 505.66 520.375 513.046 485.223 494.082 452.571 501.658 539.415 573.014 575.904 -9999 536.235 574.812 -9999 -9999 -9999 -9999 -9999 -9999 -9999 -9999 -9999
-9999 -9999 -9999 -9999 -9999 -9999 -9999 518.474 528.708 542.66 543.167 537.949 545.421 529.688 469.049 466.812 533.297 541.205 558.306 599.86 623.164 609.734 591.523 520.692 544.971 539.386 540.246 540.109 552.266 543.235 393.344 362.679 331.037 426.1 506.43 495.471 486.938 562.066 594.093 560.525 575.46 573.691 573.963 566.328 546.774 531.461 492.174 511.205 506.667 510.822 500.547 507.069 485.197 516.407 551.562 554.577 481.746 -9999 -9999 -9999 -9999 -9999 -9999 -9999 -9999 -9999 -9999 -9999 -9999 -9999
-9999 -9999 -9999 -9999 -9999 -9999 -9999 -9999 535.326 542.829 548.587 543.118 524.445 522.256 515.591 460.36 565.63 556.376 586.976 593.802 562.836 575.891 556.177 548.21 553.872 527.922 521.478 537.432 539.647 476.846 340.457 331.831 359.496 514.736 493.391 502.911 522.262 567.6 582.826 569.63 557.002 557.588 541.096 508.83 546.767 517.746 526.161 531.119 518.136 493.763 467.384 482.455 485.414 528.766 -9999 522.935 -9999 -9999 -9999 -9999 -9999 -9999 -9999 -9999 -9999 -9999 -9999 -9999 -9999 -9999
